[
    [0, 12, 11, 27, 32, 15, 9, 45, 0, 7, 71, 10, 3, 0, 47, 31, 39, 4, 26, 27, 31, 23, 16, 20, 19, 22, 15, 16, 1, 0], 
    [12, 0, 32, 4, 86, 11, 0, 39, 11, 32, 53, 6, 71, 1, 4, 1, 30, 1, 1, 6, 51, 31, 4, 0, 56, 59, 14, 1, 7, 0], 
    [11, 32, 0, 23, 44, 46, 17, 64, 13, 50, 55, 27, 10, 0, 14, 12, 50, 2, 28, 17, 28, 45, 13, 24, 75, 100, 21, 5, 61, 6], 
    [27, 4, 23, 0, 34, 17, 49, 45, 8, 2, 26, 12, 14, 0, 2, 12, 19, 2, 9, 11, 12, 15, 13, 1, 24, 26, 24, 5, 17, 0], 
    [32, 86, 44, 34, 0, 22, 13, 49, 23, 22, 86, 16, 46, 0, 36, 10, 73, 7, 22, 30, 22, 34, 8, 18, 62, 46, 38, 40, 41, 0], 
    [15, 11, 46, 17, 22, 0, 7, 23, 2, 15, 43, 14, 1, 0, 4, 13, 26, 1, 12, 42, 8, 10, 37, 28, 12, 10, 17, 13, 23, 0], 
    [9, 0, 17, 49, 13, 7, 0, 24, 15, 0, 8, 4, 30, 0, 3, 9, 8, 2, 8, 7, 25, 19, 9, 8, 36, 34, 7, 2, 10, 0], 
    [45, 39, 64, 45, 49, 23, 24, 0, 20, 46, 51, 17, 31, 0, 22, 25, 62, 6, 25, 21, 33, 82, 17, 8, 64, 61, 34, 26, 42, 17], 
    [0, 11, 13, 8, 23, 2, 15, 20, 0, 11, 39, 29, 15, 0, 0, 4, 15, 0, 9, 8, 29, 5, 11, 34, 25, 23, 15, 1, 0, 0], 
    [7, 32, 50, 2, 22, 15, 0, 46, 11, 0, 23, 5, 5, 0, 2, 21, 29, 4, 10, 12, 2, 25, 9, 1, 48, 53, 11, 3, 18, 0], 
    [71, 53, 55, 26, 86, 43, 8, 51, 39, 23, 0, 42, 31, 8, 36, 29, 58, 0, 28, 47, 43, 38, 29, 51, 70, 36, 22, 33, 29, 13], 
    [10, 6, 27, 12, 16, 14, 4, 17, 29, 5, 42, 0, 1, 0, 11, 14, 40, 0, 12, 11, 15, 11, 81, 45, 14, 26, 2, 3, 0, 0], 
    [3, 71, 10, 14, 46, 1, 30, 31, 15, 5, 31, 1, 0, 0, 1, 3, 13, 7, 3, 10, 38, 12, 2, 2, 44, 22, 5, 3, 13, 0], 
    [0, 1, 0, 0, 0, 0, 0, 0, 0, 0, 8, 0, 0, 0, 0, 0, 0, 0, 0, 0, 0, 0, 0, 0, 0, 0, 0, 0, 0, 0], 
    [47, 4, 14, 2, 36, 4, 3, 22, 0, 2, 36, 11, 1, 0, 0, 18, 13, 3, 37, 2, 16, 25, 2, 5, 15, 8, 6, 26, 0, 0], 
    [31, 1, 12, 12, 10, 13, 9, 25, 4, 21, 29, 14, 3, 0, 18, 0, 27, 0, 17, 21, 18, 35, 6, 4, 38, 12, 11, 1, 1, 0], 
    [39, 30, 50, 19, 73, 26, 8, 62, 15, 29, 58, 40, 13, 0, 13, 27, 0, 1, 35, 26, 21, 43, 10, 9, 49, 69, 23, 13, 23, 0], 
    [4, 1, 2, 2, 7, 1, 2, 6, 0, 4, 0, 0, 7, 0, 3, 0, 1, 0, 5, 67, 1, 8, 16, 0, 2, 3, 6, 3, 1, 0], 
    [26, 1, 28, 9, 22, 12, 8, 25, 9, 10, 28, 12, 3, 0, 37, 17, 35, 5, 0, 8, 16, 17, 10, 12, 10, 16, 13, 18, 2, 0], 
    [27, 6, 17, 11, 30, 42, 7, 21, 8, 12, 47, 11, 10, 0, 2, 21, 26, 67, 8, 0, 9, 12, 16, 14, 15, 21, 10, 11, 7, 0], 
    [31, 51, 28, 12, 22, 8, 25, 33, 29, 2, 43, 15, 38, 0, 16, 18, 21, 1, 16, 9, 0, 17, 30, 1, 52, 33, 9, 4, 2, 0], 
    [23, 31, 45, 15, 34, 10, 19, 82, 5, 25, 38, 11, 12, 0, 25, 35, 43, 8, 17, 12, 17, 0, 13, 8, 38, 51, 21, 23, 6, 0], 
    [16, 4, 13, 13, 8, 37, 9, 17, 11, 9, 29, 81, 2, 0, 2, 6, 10, 16, 10, 16, 30, 13, 0, 6, 16, 10, 25, 4, 0, 0], 
    [20, 0, 24, 1, 18, 28, 8, 8, 34, 1, 51, 45, 2, 0, 5, 4, 9, 0, 12, 14, 1, 8, 6, 0, 9, 11, 1, 15, 2, 0], 
    [19, 56, 75, 24, 62, 12, 36, 64, 25, 48, 70, 14, 44, 0, 15, 38, 49, 2, 10, 15, 52, 38, 16, 9, 0, 72, 42, 10, 30, 3], 
    [22, 59, 100, 26, 46, 10, 34, 61, 23, 53, 36, 26, 22, 0, 8, 12, 69, 3, 16, 21, 33, 51, 10, 11, 72, 0, 66, 6, 14, 0], 
    [15, 14, 21, 24, 38, 17, 7, 34, 15, 11, 22, 2, 5, 0, 6, 11, 23, 6, 13, 10, 9, 21, 25, 1, 42, 66, 0, 6, 5, 56], 
    [16, 1, 5, 5, 40, 13, 2, 26, 1, 3, 33, 3, 3, 0, 26, 1, 13, 3, 18, 11, 4, 23, 4, 15, 10, 6, 6, 0, 7, 0], 
    [1, 7, 61, 17, 41, 23, 10, 42, 0, 18, 29, 0, 13, 0, 0, 1, 23, 1, 2, 7, 2, 6, 0, 2, 30, 14, 5, 7, 0, 0], 
    [0, 0, 6, 0, 0, 0, 0, 17, 0, 0, 13, 0, 0, 0, 0, 0, 0, 0, 0, 0, 0, 0, 0, 0, 3, 0, 56, 0, 0, 0]
]

